Initial Board:
1 1 1 1 1 1 
1 1 1 1 1 1 
1 5 1 0 1 1 
1 0 1 1 0 1 
1 0 1 1 1 0 
0 1 1 1 1 10 

1 1 1 1 1 1 
1 1 1 1 1 1 
1 5 1 0 1 1 
1 0 1 1 0 1 
1 0 1 1 1 0 
0 1 1 1 10 1 

1 1 1 1 1 1 
1 1 1 1 1 1 
1 5 1 0 1 1 
1 0 1 1 0 1 
1 0 1 1 10 0 
0 1 1 1 1 1 

1 1 1 1 1 1 
1 1 1 1 1 1 
1 5 1 0 1 1 
1 0 1 1 0 1 
1 0 1 10 1 0 
0 1 1 1 1 1 

1 1 1 1 1 1 
1 1 1 1 1 1 
1 5 1 0 1 1 
1 0 1 10 0 1 
1 0 1 1 1 0 
0 1 1 1 1 1 

1 1 1 1 1 1 
1 1 1 1 1 1 
1 5 1 0 1 1 
1 0 10 1 0 1 
1 0 1 1 1 0 
0 1 1 1 1 1 

1 1 1 1 1 1 
1 1 1 1 1 1 
1 5 10 0 1 1 
1 0 1 1 0 1 
1 0 1 1 1 0 
0 1 1 1 1 1 

1 1 1 1 1 1 
1 1 1 1 1 1 
1 10 1 0 1 1 
1 0 1 1 0 1 
1 0 1 1 1 0 
0 1 1 1 1 1 
final board

The goal is reached
Cost: 0