Initial Puzzle Board:
6 3 8
0 7 5
4 2 1

Steps to Solution:
Step 1:
6 3 8
0 7 5
4 2 1
Step 2:
6 3 8
7 0 5
4 2 1
Step 3:
6 3 8
7 2 5
4 0 1
Step 4:
6 3 8
7 2 5
4 1 0
Step 5:
6 3 8
7 2 0
4 1 5
Step 6:
6 3 0
7 2 8
4 1 5
Step 7:
6 0 3
7 2 8
4 1 5
Step 8:
6 2 3
7 0 8
4 1 5
Step 9:
6 2 3
7 1 8
4 0 5
Step 10:
6 2 3
7 1 8
4 5 0
Step 11:
6 2 3
7 1 0
4 5 8
Step 12:
6 2 3
7 0 1
4 5 8
Step 13:
6 2 3
7 5 1
4 0 8
Step 14:
6 2 3
7 5 1
0 4 8
Step 15:
6 2 3
0 5 1
7 4 8
Step 16:
0 2 3
6 5 1
7 4 8
Step 17:
2 0 3
6 5 1
7 4 8
Step 18:
2 3 0
6 5 1
7 4 8
Step 19:
2 3 1
6 5 0
7 4 8
Step 20:
2 3 1
6 0 5
7 4 8
Step 21:
2 3 1
6 4 5
7 0 8
Step 22:
2 3 1
6 4 5
7 8 0
Step 23:
2 3 1
6 4 0
7 8 5
Step 24:
2 3 0
6 4 1
7 8 5
Step 25:
2 0 3
6 4 1
7 8 5
Step 26:
0 2 3
6 4 1
7 8 5
Step 27:
6 2 3
0 4 1
7 8 5
Step 28:
6 2 3
4 0 1
7 8 5
Step 29:
6 2 3
4 1 0
7 8 5
Step 30:
6 2 0
4 1 3
7 8 5
Step 31:
6 0 2
4 1 3
7 8 5
Step 32:
0 6 2
4 1 3
7 8 5
Step 33:
4 6 2
0 1 3
7 8 5
Step 34:
4 6 2
1 0 3
7 8 5
Step 35:
4 0 2
1 6 3
7 8 5
Step 36:
4 2 0
1 6 3
7 8 5
Step 37:
4 2 3
1 6 0
7 8 5
Step 38:
4 2 3
1 0 6
7 8 5
Step 39:
4 2 3
0 1 6
7 8 5
Step 40:
0 2 3
4 1 6
7 8 5
Step 41:
2 0 3
4 1 6
7 8 5
Step 42:
2 1 3
4 0 6
7 8 5
Step 43:
2 1 3
0 4 6
7 8 5
Step 44:
0 1 3
2 4 6
7 8 5
Step 45:
1 0 3
2 4 6
7 8 5
Step 46:
1 3 0
2 4 6
7 8 5
Step 47:
1 3 6
2 4 0
7 8 5
Step 48:
1 3 6
2 4 5
7 8 0
Step 49:
1 3 6
2 4 5
7 0 8
Step 50:
1 3 6
2 0 5
7 4 8
Step 51:
1 3 6
2 5 0
7 4 8
Step 52:
1 3 0
2 5 6
7 4 8
Step 53:
1 0 3
2 5 6
7 4 8
Step 54:
1 5 3
2 0 6
7 4 8
Step 55:
1 5 3
0 2 6
7 4 8
Step 56:
1 5 3
7 2 6
0 4 8
Step 57:
1 5 3
7 2 6
4 0 8
Step 58:
1 5 3
7 2 6
4 8 0
Step 59:
1 5 3
7 2 0
4 8 6
Step 60:
1 5 3
7 0 2
4 8 6
Step 61:
1 0 3
7 5 2
4 8 6
Step 62:
1 3 0
7 5 2
4 8 6
Step 63:
1 3 2
7 5 0
4 8 6
Step 64:
1 3 2
7 5 6
4 8 0
Step 65:
1 3 2
7 5 6
4 0 8
Step 66:
1 3 2
7 5 6
0 4 8
Step 67:
1 3 2
0 5 6
7 4 8
Step 68:
1 3 2
5 0 6
7 4 8
Step 69:
1 3 2
5 4 6
7 0 8
Step 70:
1 3 2
5 4 6
7 8 0
Step 71:
1 3 2
5 4 0
7 8 6
Step 72:
1 3 0
5 4 2
7 8 6
Step 73:
1 0 3
5 4 2
7 8 6
Step 74:
1 4 3
5 0 2
7 8 6
Step 75:
1 4 3
5 2 0
7 8 6
Step 76:
1 4 0
5 2 3
7 8 6
Step 77:
1 0 4
5 2 3
7 8 6
Step 78:
1 2 4
5 0 3
7 8 6
Step 79:
1 2 4
0 5 3
7 8 6
Step 80:
0 2 4
1 5 3
7 8 6
Step 81:
2 0 4
1 5 3
7 8 6
Step 82:
2 4 0
1 5 3
7 8 6
Step 83:
2 4 3
1 5 0
7 8 6
Step 84:
2 4 3
1 0 5
7 8 6
Step 85:
2 0 3
1 4 5
7 8 6
Step 86:
0 2 3
1 4 5
7 8 6
Step 87:
1 2 3
0 4 5
7 8 6
Step 88:
1 2 3
4 0 5
7 8 6
Step 89:
1 2 3
4 5 0
7 8 6
Step 90:
1 2 3
4 5 6
7 8 0

Overall Cost of Solution: 89
